0.05953	0.03186	0.09466	0.09514	0.03478	0.047	0.01516	0.09841	0.01701	0.03281
0.06035	0.07194	0.09583	0.08516	0.00064	0.05308	0.08699	0.06794	0.04468	0.06082
0.07307	0.08444	0.06385	0.07472	0.04107	0.08514	0.07277	0.09001	0.07051	0.03304
0.07984	0.04551	0.05665	0.04349	0.05256	0.01644	0.0891	0.01881	0.0014	0.06476
0.05603	0.0098	0.07562	0.04857	0.01058	0.03132	0.06842	0.04374	0.00275	0.09992
0.05876	0.05356	0.01616	0.01209	0.00999	0.07356	0.02366	0.05048	0.08056	0.0216
0.07854	0.0897	0.03872	0.03786	0.03373	0.00599	0.08687	0.04372	0.05682	0.0629
0.07909	0.03647	0.09861	0.04025	0.03746	0.00255	0.04359	0.06612	0.04205	0.02439
0.02533	0.09595	0.00065	0.04671	0.03464	0.04578	0.07115	0.04019	0.04568	0.01673
0.00902	0.09266	0.09269	0.07965	0.05633	0.00469	0.00403	0.07378	0.06584	0.06873
29852
5035
15243
4198
25630
24127
18750
32496
19828
9846
